012259
005474
001197
003143
024180
024749
006533
023097
039621
029474
026675
007033
029815
025188
010251
007878
005443
000380
011326
007372
018763
022691
036148
036546
011296
026415
005161
002003
006517
011901
037693
019306
001236
011680
009357
027660
024766
017660
005251
003730
032381
003436
023423
034491
001686
010401
018059
027667
034035
022956
011836
008469
026798
023310
004775
011385
009708
026192
014873
032520
005406
034594
002951
022403
027216
016010
034567
016484
020715
016347
034708
007579
021710
036221
025503
011171
034317
033803
021839
020777
026195
032400
004477
032886
034131
000823
025466
021403
025248
034506
008497
030663
034593
004446
019249
028234
008644
022445
024684
004552
023228
022096
037029
007136
001498
033260
001124
005791
005187
024826
007484
018767
001999
001219
015369
026208
022605
015227
016871
012509
032504
021984
039096
031346
008625
034604
017212
030306
014062
009617
029571
014556
023382
020328
018766
017015
011191
007063
016554
010725
001524
029896
006650
027047
005162
031896
027998
035545
012819
031507
033461
017741
022490
005250
021988
025478
007450
009990
021351
020054
036793
014601
020358
034673
039247
017847
016761
033466
035995
016103
031585
035089
019567
014542
037890
008790
030373
008626
007185
033470
018688
003355
023856
028037
005892
007582
009991
010623
033258
019122
012839
022649
010215
022522
003606
007981
005768
003846
027225
024310
002690
000895
008638
031243
003998
038178
033778
030318
036530
023167
017753
017019
031924
001502
038101
026778
006442
013577
033059
010734
031516
014321
012038
030791
008621
015697
039171
006738
022682
006185
013032
014122
033160
005767
021834
020317
039998
020641
006568
020355
018140
036615
036601
016766
014382
000837
000822
038650
037384
007179
017016
025956
020252
021043
039285
027102
024645
034200
010525
030287
018502
015325
021743
029987
032049
000168
011086
027665
034521
028729
010762
005789
016600
038782
019763
022685
022193
027633
035846
005465
028978
011725
022386
035151
022018
038391
034311
015071
014808
014795
025217
029952
037653
034810
012261
022196
003973
006642
015335
031155
016763
023520
016286
024171
031412
006120
029023
038964
014164
026800
026201
020042
022675
009694
016817
025679
034926
004734
029881
007023
036582
017872
029979
003718
022667
035403
024527
029241
021573
019761
022724
030523
009333
022607
034219
032855
001348
007296
036925
028276
024897
036735
022013
022618
005670
034758
023172
019978
024879
011735
004733
020302
004527
034306
033895
031973
020125
015196
003522
019922
035401
009534
008654
037004
009032
029548
009030
000176
022729
025598
008624
016293
003985
038362
022600
018082
033701
036597
015770
004390
009022
006121
005936
015447
029735
018852
020479
014395
028375
030830
020638
037056
027034
014744
007832
032135
031400
024748
008640
016214
010715
029622
007002
023457
029994
031252
035985
003181
013699
023762
001080
001125
025815
024765
039606
030776
039018
017557
011928
014362
024034
019571
016768
032391
004395
002641
017010
033174
008768
007444
017424
001755
022604
031338
035843
028461
022679
021582
029853
034585
017290
027922
028271
000836
024905
033342
017269
029277
018078
037437
016508
012817
023986
012190
003898
025419
000872
032060
014339
025229
024506
034769
001084
038772
016506
035840
019870
005820
002025
020043
009104
011916
003463
014336
023770
027027
022028
002271
007062
016279
021018
039273
010020
027747
002983
023257
007449
009763
003065
015634
008844
006544
013931
031369
002140
000840
027916
039095
015367
018310
036610
006431
025468
011138
006660
026287
001688
006196
012185
006646
035969
035644
021814
013013
033129
000410
014773
011818
018166
022264
029028
036343
020649
037033
029303
033011
003494
026469
022382
022595
032008
029993
024374
031855
003057
003488
028309
020805
036825
031022
009017
019749
021616
006713
016267
013428
005373
028717
013943
032194
013034
034077
027451
011214
021208
031242
015775
000740
029985
036614
015370
014387
006008
022673
027229
039545
015949
014153
038100
028463
011245
007121
038402
027601
011308
026108
004748
035411
002135
024187
032061
032904
039491
031353
003593
021081
008971
005482
035643
005675
026471
032293
009621
021574
018124
014501
010521
036135
031135
008389
031963
010262
007456
036596
025097
025593
024579
030317
012505
018641
000628
025198
005872
019037
011038
002557
018866
039090
031752
033787
030618
027813
021640
021586
036091
027366
018831
020855
009533
027881
002514
036208
004067
023110
019233
034591
035841
007206
012123
027128
018762
005598
012089
032254
014171
016216
016601
021629
026179
011470
027295
006572
026898
027804
003263
034319
005119
030844
010996
005163
017840
038946
010444
030743
017194
003721
014453
025193
012480
034610
018083
011166
005167
028032
030304
026679
035996
013566
033996
029817
034221